 1585.50    1732.50    1837.50    2215.50    2635.50    2961.00    2950.50
    2583.00    2026.50    1354.50     945.00     598.50     462.00     231.00
     178.50     105.00      31.50      31.50      10.50      10.50       0.00
       0.00       0.00       0.00       0.00       0.00       0.00       0.00
       0.00       0.00       0.00       0.00       0.00       0.00       0.00
       0.00       0.00
    1585.50    1806.00    1974.00    2194.50    2593.50    2908.50    2929.50
    2551.50    1974.00    1480.50    1123.50     819.00     535.50     315.00
     199.50     157.50     105.00      31.50      10.50      10.50       0.00
       0.00       0.00       0.00       0.00       0.00       0.00       0.00
       0.00       0.00       0.00       0.00       0.00       0.00       0.00
       0.00       0.00
    1585.50    1858.50    2016.00    2089.50    2320.50    2520.00    2394.00
    2268.00    2310.00    2299.50    1848.00    1344.00     966.00     630.00
     451.50     325.50     210.00      31.50      10.50      10.50      10.50
       0.00       0.00       0.00       0.00       0.00       0.00       0.00
       0.00       0.00       0.00       0.00       0.00       0.00       0.00
       0.00       0.00
    1585.50    1942.50    1963.50    2037.00    2110.50    2121.00    2215.50
    2604.00    3087.00    2604.00    1953.00    1690.50    1396.50     976.50
     787.50     577.50     378.00      42.00      21.00      10.50      10.50
       0.00       0.00       0.00       0.00       0.00       0.00       0.00
       0.00       0.00       0.00       0.00       0.00       0.00       0.00
       0.00       0.00
    1585.50    1900.50    1974.00    1984.50    1984.50    2047.50    2373.00
    2803.50    2478.00    2131.50    1974.00    1806.00    1680.00    1354.50
    1123.50     766.50     462.00      63.00      31.50      10.50      10.50
       0.00       0.00       0.00       0.00       0.00       0.00       0.00
       0.00       0.00       0.00       0.00       0.00       0.00       0.00
       0.00       0.00
    1585.50    1869.00    1963.50    1900.50    1942.50    2131.50    2394.00
    2457.00    2320.50    2310.00    1900.50    1743.00    1701.00    1638.00
    1480.50     976.50     409.50      63.00      31.50      10.50      10.50
       0.00       0.00       0.00       0.00       0.00       0.00       0.00
       0.00       0.00       0.00       0.00       0.00       0.00       0.00
       0.00       0.00
    1585.50    1837.50    1911.00    1911.00    1984.50    2184.00    2215.50
    2436.00    2656.50    3213.00    2740.50    2656.50    2709.00    3024.00
    2908.50    1837.50     661.50      94.50      31.50      21.00      10.50
       0.00       0.00       0.00       0.00       0.00       0.00       0.00
       0.00       0.00       0.00       0.00       0.00       0.00       0.00
       0.00       0.00
    1585.50    1816.50    1932.00    1869.00    2068.50    2163.00    2131.50
    2583.00    3055.50    3433.50    3864.00    3937.50    4105.50    4756.50
    5260.50    3738.00    1029.00     157.50      31.50      21.00      10.50
       0.00       0.00       0.00       0.00       0.00       0.00       0.00
       0.00       0.00       0.00       0.00       0.00       0.00       0.00
       0.00       0.00
    1585.50    1753.50    1837.50    1837.50    2026.50    2100.00    2005.50
    2226.00    2740.50    2856.00    3391.50    4084.50    3895.50    4231.50
    4735.50    3633.00    1060.50     262.50      42.00      31.50      21.00
       0.00       0.00       0.00       0.00       0.00       0.00       0.00
       0.00       0.00       0.00       0.00       0.00       0.00       0.00
       0.00       0.00
    1585.50    1753.50    1806.00    1837.50    1974.00    2037.00    1932.00
    1921.50    2236.50    2131.50    2121.00    2509.50    2551.50    2478.00
    2530.50    2131.50     819.00     157.50      31.50      31.50      31.50
       0.00       0.00       0.00       0.00       0.00       0.00       0.00
       0.00       0.00       0.00       0.00       0.00       0.00       0.00
       0.00       0.00
    1585.50    1711.50    1806.00    1774.50    1827.00    1879.50    1785.00
    1669.50    1701.00    1659.00    1554.00    1491.00    1543.50    1575.00
    1543.50    1617.00     630.00     178.50      31.50      31.50      21.00
       0.00       0.00       0.00       0.00       0.00       0.00       0.00
       0.00       0.00       0.00       0.00       0.00       0.00       0.00
       0.00       0.00
    1585.50    1732.50    1701.00    1764.00    1722.00    1701.00    1648.50
    1554.00    1554.00    1659.00    1659.00    1459.50    1491.00    1470.00
    1396.50    1407.00     409.50     115.50      31.50      21.00      21.00
       0.00       0.00       0.00       0.00       0.00       0.00       0.00
       0.00       0.00       0.00       0.00       0.00       0.00       0.00
       0.00       0.00
    1585.50    1680.00    1669.50    1690.50    1617.00    1554.00    1543.50
    1512.00    1470.00    1480.50    1543.50    1407.00    1375.50    1491.00
    1386.00    1333.50     892.50     115.50      31.50      21.00      21.00
       0.00       0.00       0.00       0.00       0.00       0.00       0.00
       0.00       0.00       0.00       0.00       0.00       0.00       0.00
       0.00       0.00
    1585.50    1701.00    1659.00    1638.00    1596.00    1522.50    1480.50
    1480.50    1480.50    1480.50    1386.00    1281.00    1207.50    1186.50
    1155.00    1071.00     672.00     178.50      31.50      21.00      21.00
       0.00       0.00       0.00       0.00       0.00       0.00       0.00
       0.00       0.00       0.00       0.00       0.00       0.00       0.00
       0.00       0.00
    1585.50    1701.00    1638.00    1585.50    1491.00    1470.00    1449.00
    1470.00    1459.50    1449.00    1365.00    1270.50    1165.50    1092.00
    1029.00     882.00     651.00     105.00      31.50      21.00      10.50
       0.00       0.00       0.00       0.00       0.00       0.00       0.00
       0.00       0.00       0.00       0.00       0.00       0.00       0.00
       0.00       0.00
    1585.50    1659.00    1617.00    1522.50    1459.50    1407.00    1407.00
    1344.00    1302.00    1249.50    1144.50    1081.50     997.50     945.00
     798.00     714.00     672.00     168.00      21.00      21.00      10.50
       0.00       0.00       0.00       0.00       0.00       0.00       0.00
       0.00       0.00       0.00       0.00       0.00       0.00       0.00
       0.00       0.00
    1585.50    1564.50    1606.50    1522.50    1459.50    1407.00    1407.00
    1323.00    1239.00    1123.50    1050.00     924.00     798.00     651.00
     682.50     609.00     409.50      84.00      21.00      10.50      10.50
       0.00       0.00       0.00       0.00       0.00       0.00       0.00
       0.00       0.00       0.00       0.00       0.00       0.00       0.00
       0.00       0.00
    1585.50    1522.50    1585.50    1480.50    1470.00    1449.00    1407.00
    1354.50    1249.50    1176.00    1018.50     966.00     798.00     609.00
     556.50     441.00     178.50      52.50      10.50      10.50      10.50
       0.00       0.00       0.00       0.00       0.00       0.00       0.00
       0.00       0.00       0.00       0.00       0.00       0.00       0.00
       0.00       0.00
    1585.50    1480.50    1585.50    1501.50    1491.00    1459.50    1396.50
    1375.50    1312.50    1176.00    1092.00    1008.00     861.00     714.00
     588.00     441.00     157.50      63.00      21.00      10.50      10.50
       0.00       0.00       0.00       0.00       0.00       0.00       0.00
       0.00       0.00       0.00       0.00       0.00       0.00       0.00
       0.00       0.00
    1585.50    1522.50    1585.50    1480.50    1470.00    1449.00    1407.00
    1354.50    1249.50    1176.00    1018.50     966.00     798.00     609.00
     556.50     441.00     178.50      52.50      10.50      10.50      10.50
       0.00       0.00       0.00       0.00       0.00       0.00       0.00
       0.00       0.00       0.00       0.00       0.00       0.00       0.00
       0.00       0.00
    1585.50    1564.50    1606.50    1522.50    1459.50    1407.00    1407.00
    1323.00    1239.00    1123.50    1050.00     924.00     798.00     651.00
     682.50     609.00     409.50      84.00      21.00      10.50      10.50
       0.00       0.00       0.00       0.00       0.00       0.00       0.00
       0.00       0.00       0.00       0.00       0.00       0.00       0.00
       0.00       0.00
    1585.50    1659.00    1617.00    1522.50    1459.50    1407.00    1407.00
    1344.00    1302.00    1249.50    1144.50    1081.50     997.50     945.00
     798.00     714.00     672.00     168.00      21.00      21.00      10.50
       0.00       0.00       0.00       0.00       0.00       0.00       0.00
       0.00       0.00       0.00       0.00       0.00       0.00       0.00
       0.00       0.00
    1585.50    1701.00    1638.00    1585.50    1491.00    1470.00    1449.00
    1470.00    1459.50    1449.00    1365.00    1270.50    1165.50    1092.00
    1029.00     882.00     651.00     105.00      31.50      21.00      10.50
       0.00       0.00       0.00       0.00       0.00       0.00       0.00
       0.00       0.00       0.00       0.00       0.00       0.00       0.00
       0.00       0.00
    1585.50    1701.00    1659.00    1638.00    1596.00    1522.50    1480.50
    1480.50    1480.50    1480.50    1386.00    1281.00    1207.50    1186.50
    1155.00    1071.00     672.00     178.50      31.50      21.00      21.00
       0.00       0.00       0.00       0.00       0.00       0.00       0.00
       0.00       0.00       0.00       0.00       0.00       0.00       0.00
       0.00       0.00
    1585.50    1680.00    1669.50    1690.50    1617.00    1554.00    1543.50
    1512.00    1470.00    1480.50    1543.50    1407.00    1375.50    1491.00
    1386.00    1333.50     892.50     115.50      31.50      21.00      21.00
       0.00       0.00       0.00       0.00       0.00       0.00       0.00
       0.00       0.00       0.00       0.00       0.00       0.00       0.00
       0.00       0.00
    1585.50    1732.50    1701.00    1764.00    1722.00    1701.00    1648.50
    1554.00    1554.00    1659.00    1659.00    1459.50    1491.00    1470.00
    1396.50    1407.00     409.50     115.50      31.50      21.00      21.00
       0.00       0.00       0.00       0.00       0.00       0.00       0.00
       0.00       0.00       0.00       0.00       0.00       0.00       0.00
       0.00       0.00
    1585.50    1711.50    1806.00    1774.50    1827.00    1879.50    1785.00
    1669.50    1701.00    1659.00    1554.00    1491.00    1543.50    1575.00
    1543.50    1617.00     630.00     178.50      31.50      31.50      21.00
       0.00       0.00       0.00       0.00       0.00       0.00       0.00
       0.00       0.00       0.00       0.00       0.00       0.00       0.00
       0.00       0.00
    1585.50    1753.50    1806.00    1837.50    1974.00    2037.00    1932.00
    1921.50    2236.50    2131.50    2121.00    2509.50    2551.50    2478.00
    2530.50    2131.50     819.00     157.50      31.50      31.50      31.50
       0.00       0.00       0.00       0.00       0.00       0.00       0.00
       0.00       0.00       0.00       0.00       0.00       0.00       0.00
       0.00       0.00
    1585.50    1753.50    1837.50    1837.50    2026.50    2100.00    2005.50
    2226.00    2740.50    2856.00    3391.50    4084.50    3895.50    4231.50
    4735.50    3633.00    1060.50     262.50      42.00      31.50      21.00
       0.00       0.00       0.00       0.00       0.00       0.00       0.00
       0.00       0.00       0.00       0.00       0.00       0.00       0.00
       0.00       0.00
    1585.50    1816.50    1932.00    1869.00    2068.50    2163.00    2131.50
    2583.00    3055.50    3433.50    3864.00    3937.50    4105.50    4756.50
    5260.50    3738.00    1029.00     157.50      31.50      21.00      10.50
       0.00       0.00       0.00       0.00       0.00       0.00       0.00
       0.00       0.00       0.00       0.00       0.00       0.00       0.00
       0.00       0.00
    1585.50    1837.50    1911.00    1911.00    1984.50    2184.00    2215.50
    2436.00    2656.50    3213.00    2740.50    2656.50    2709.00    3024.00
    2908.50    1837.50     661.50      94.50      31.50      21.00      10.50
       0.00       0.00       0.00       0.00       0.00       0.00       0.00
       0.00       0.00       0.00       0.00       0.00       0.00       0.00
       0.00       0.00
    1585.50    1869.00    1963.50    1900.50    1942.50    2131.50    2394.00
    2457.00    2320.50    2310.00    1900.50    1743.00    1701.00    1638.00
    1480.50     976.50     409.50      63.00      31.50      10.50      10.50
       0.00       0.00       0.00       0.00       0.00       0.00       0.00
       0.00       0.00       0.00       0.00       0.00       0.00       0.00
       0.00       0.00
    1585.50    1900.50    1974.00    1984.50    1984.50    2047.50    2373.00
    2803.50    2478.00    2131.50    1974.00    1806.00    1680.00    1354.50
    1123.50     766.50     462.00      63.00      31.50      10.50      10.50
       0.00       0.00       0.00       0.00       0.00       0.00       0.00
       0.00       0.00       0.00       0.00       0.00       0.00       0.00
       0.00       0.00
    1585.50    1942.50    1963.50    2037.00    2110.50    2121.00    2215.50
    2604.00    3087.00    2604.00    1953.00    1690.50    1396.50     976.50
     787.50     577.50     378.00      42.00      21.00      10.50      10.50
       0.00       0.00       0.00       0.00       0.00       0.00       0.00
       0.00       0.00       0.00       0.00       0.00       0.00       0.00
       0.00       0.00
    1585.50    1858.50    2016.00    2089.50    2320.50    2520.00    2394.00
    2268.00    2310.00    2299.50    1848.00    1344.00     966.00     630.00
     451.50     325.50     210.00      31.50      10.50      10.50      10.50
       0.00       0.00       0.00       0.00       0.00       0.00       0.00
       0.00       0.00       0.00       0.00       0.00       0.00       0.00
       0.00       0.00
    1585.50    1806.00    1974.00    2194.50    2593.50    2908.50    2929.50
    2551.50    1974.00    1480.50    1123.50     819.00     535.50     315.00
     199.50     157.50     105.00      31.50      10.50      10.50       0.00
       0.00       0.00       0.00       0.00       0.00       0.00       0.00
       0.00       0.00       0.00       0.00       0.00       0.00       0.00
       0.00       0.00
    1585.50    1732.50    1837.50    2215.50    2635.50    2961.00    2950.50
    2583.00    2026.50    1354.50     945.00     598.50     462.00     231.00
     178.50     105.00      31.50      31.50      10.50      10.50       0.00
       0.00       0.00       0.00       0.00       0.00       0.00       0.00
       0.00       0.00       0.00       0.00       0.00       0.00       0.00
       0.00       0.00
